      1    0.75
      2    0.45
      3    0.70
      4    1.00
      5    3.50
      6    6.60
      7    2.60
      8    0.89
      9    3.34
      2    0.60
      1    0.89
      5    1.89
     10    0.36
     11    4.50
     12    2.50
     13    1.50
     14    2.99
     15    0.99
     16    0.79
     15    0.60
     17    1.28
     14    1.28
     18    5.55
     11    3.55
     16    0.85
      3    0.85
      4    1.30
     10    0.39
      6    1.39
     13    1.79
     18    9.99
     19   59.99
     20    3.40
