      1       5   17.50
      2       5    7.50
      3       5    7.50
     12       3    0.00
     12       7    0.00
     12       7    0.00
     12       2    0.00
     12       1    0.00
     12       2    0.00
     12       3    0.00
     13       2    8.00
     13       2    8.00
     12       3    0.00
     12       2    8.00
     12       2    8.00
     12       2    0.00
     12       1    3.00
     12       2    0.00
     12      10   30.00
     12       2    0.00
     12       1    0.00
     12       3    0.00
